directed
(0, 1): 131
(0, 5): 131
(1, 2): 673
(1, 6): 673
(2, 3): 234
(2, 7): 234
(3, 4): 103
(3, 8): 103
(4, 5): 18
(4, 9): 18
(5, 6): 201
(5, 10): 201
(6, 7): 96
(6, 11): 96
(7, 8): 342
(7, 12): 342
(8, 9): 965
(8, 13): 965
(9, 10): 150
(9, 14): 150
(10, 11): 630
(10, 15): 630
(11, 12): 803
(11, 16): 803
(12, 13): 746
(12, 17): 746
(13, 14): 422
(13, 18): 422
(14, 15): 111
(14, 19): 111
(15, 16): 537
(15, 20): 537
(16, 17): 699
(16, 21): 699
(17, 18): 497
(17, 22): 497
(18, 19): 121
(18, 23): 121
(19, 20): 956
(19, 24): 956
(20, 21): 805
(21, 22): 732
(22, 23): 524
(23, 24): 37
(24, 25): 331